"","Packages","Classes","Attrs","Meths","PMeths","dep_class"
"Packages",1,0.92,0.79,0.93,0.91,-0.67
"Classes",0.92,1,0.81,0.98,0.97,-0.73
"Attrs",0.79,0.81,1,0.78,0.81,-0.89
"Meths",0.93,0.98,0.78,1,0.99,-0.74
"PMeths",0.91,0.97,0.81,0.99,1,-0.78
"dep_class",-0.67,-0.73,-0.89,-0.74,-0.78,1
